(kicad_pcb (version 20171130) (host pcbnew 5.0.1)

  (general
    (thickness 1.6)
    (drawings 0)
    (tracks 0)
    (zones 0)
    (modules 24)
    (nets 87)
  )

  (page A4)
  (layers
    (0 F.Cu signal)
    (31 B.Cu signal)
    (32 B.Adhes user)
    (33 F.Adhes user)
    (34 B.Paste user)
    (35 F.Paste user)
    (36 B.SilkS user)
    (37 F.SilkS user)
    (38 B.Mask user)
    (39 F.Mask user)
    (40 Dwgs.User user)
    (41 Cmts.User user)
    (42 Eco1.User user)
    (43 Eco2.User user)
    (44 Edge.Cuts user)
    (45 Margin user)
    (46 B.CrtYd user)
    (47 F.CrtYd user)
    (48 B.Fab user)
    (49 F.Fab user)
  )

  (setup
    (last_trace_width 0.25)
    (trace_clearance 0.2)
    (zone_clearance 0.508)
    (zone_45_only no)
    (trace_min 0.2)
    (segment_width 0.2)
    (edge_width 0.15)
    (via_size 0.8)
    (via_drill 0.4)
    (via_min_size 0.4)
    (via_min_drill 0.3)
    (uvia_size 0.3)
    (uvia_drill 0.1)
    (uvias_allowed no)
    (uvia_min_size 0.2)
    (uvia_min_drill 0.1)
    (pcb_text_width 0.3)
    (pcb_text_size 1.5 1.5)
    (mod_edge_width 0.15)
    (mod_text_size 1 1)
    (mod_text_width 0.15)
    (pad_size 1.524 1.524)
    (pad_drill 0.762)
    (pad_to_mask_clearance 0.051)
    (solder_mask_min_width 0.25)
    (aux_axis_origin 0 0)
    (visible_elements FFFFFF7F)
    (pcbplotparams
      (layerselection 0x010fc_ffffffff)
      (usegerberextensions false)
      (usegerberattributes false)
      (usegerberadvancedattributes false)
      (creategerberjobfile false)
      (excludeedgelayer true)
      (linewidth 0.100000)
      (plotframeref false)
      (viasonmask false)
      (mode 1)
      (useauxorigin false)
      (hpglpennumber 1)
      (hpglpenspeed 20)
      (hpglpendiameter 15.000000)
      (psnegative false)
      (psa4output false)
      (plotreference true)
      (plotvalue true)
      (plotinvisibletext false)
      (padsonsilk false)
      (subtractmaskfromsilk false)
      (outputformat 1)
      (mirror false)
      (drillshape 1)
      (scaleselection 1)
      (outputdirectory ""))
  )

  (net 0 "")
  (net 1 /DAC_DIN)
  (net 2 /BTN_B)
  (net 3 "Net-(U2-Pad76)")
  (net 4 /LED_FALSE)
  (net 5 "Net-(U2-Pad74)")
  (net 6 "Net-(U2-Pad72)")
  (net 7 "Net-(U2-Pad70)")
  (net 8 "Net-(U2-Pad68)")
  (net 9 "Net-(U2-Pad66)")
  (net 10 "Net-(U2-Pad64)")
  (net 11 "Net-(U2-Pad62)")
  (net 12 "Net-(U2-Pad60)")
  (net 13 "Net-(U2-Pad58)")
  (net 14 "Net-(U2-Pad56)")
  (net 15 /DAC_LRC)
  (net 16 /USB_DM)
  (net 17 /USB_DP)
  (net 18 "Net-(U2-Pad48)")
  (net 19 "Net-(U2-Pad46)")
  (net 20 "Net-(U2-Pad44)")
  (net 21 "Net-(U2-Pad42)")
  (net 22 "Net-(U2-Pad40)")
  (net 23 /LED_TRUE)
  (net 24 "Net-(U2-Pad71)")
  (net 25 "Net-(U2-Pad69)")
  (net 26 "Net-(U2-Pad67)")
  (net 27 "Net-(U2-Pad65)")
  (net 28 /DAC_BCLK)
  (net 29 "Net-(U2-Pad61)")
  (net 30 "Net-(U2-Pad59)")
  (net 31 "Net-(U2-Pad57)")
  (net 32 "Net-(U2-Pad55)")
  (net 33 "Net-(U2-Pad53)")
  (net 34 "Net-(U2-Pad51)")
  (net 35 /LED)
  (net 36 "Net-(U2-Pad47)")
  (net 37 "Net-(U2-Pad45)")
  (net 38 "Net-(U2-Pad43)")
  (net 39 "Net-(U2-Pad41)")
  (net 40 "Net-(U2-Pad39)")
  (net 41 "Net-(U2-Pad35)")
  (net 42 "Net-(U2-Pad33)")
  (net 43 "Net-(U2-Pad31)")
  (net 44 "Net-(U2-Pad29)")
  (net 45 "Net-(U2-Pad27)")
  (net 46 "Net-(U2-Pad25)")
  (net 47 /BTN)
  (net 48 "Net-(U2-Pad21)")
  (net 49 "Net-(U2-Pad19)")
  (net 50 /MMC_NSS)
  (net 51 "Net-(U2-Pad15)")
  (net 52 "Net-(U2-Pad13)")
  (net 53 "Net-(U2-Pad11)")
  (net 54 "Net-(U2-Pad9)")
  (net 55 "Net-(U2-Pad7)")
  (net 56 VDD)
  (net 57 /MMC_MOSI)
  (net 58 /MMC_SCK)
  (net 59 /BTN_A)
  (net 60 /LED_B)
  (net 61 /LED_A)
  (net 62 /LED_IND)
  (net 63 "Net-(U2-Pad28)")
  (net 64 "Net-(U2-Pad26)")
  (net 65 "Net-(U2-Pad24)")
  (net 66 "Net-(U2-Pad22)")
  (net 67 "Net-(U2-Pad20)")
  (net 68 VCC)
  (net 69 "Net-(U2-Pad16)")
  (net 70 "Net-(U2-Pad14)")
  (net 71 "Net-(U2-Pad12)")
  (net 72 "Net-(U2-Pad10)")
  (net 73 GND)
  (net 74 "Net-(U2-Pad6)")
  (net 75 "Net-(U2-Pad4)")
  (net 76 /MMC_MISO)
  (net 77 "Net-(J2-Pad2)")
  (net 78 "Net-(J2-Pad3)")
  (net 79 "Net-(J2-Pad4)")
  (net 80 "Net-(J-DAC1-Pad4)")
  (net 81 "Net-(J-GAIN1-Pad2)")
  (net 82 "Net-(D-IND1-Pad2)")
  (net 83 "Net-(J1-Pad1)")
  (net 84 "Net-(J1-Pad8)")
  (net 85 "Net-(D-ANS1-Pad2)")
  (net 86 "Net-(D-BTN1-Pad2)")

  (net_class Default "This is the default net class."
    (clearance 0.2)
    (trace_width 0.25)
    (via_dia 0.8)
    (via_drill 0.4)
    (uvia_dia 0.3)
    (uvia_drill 0.1)
    (add_net /BTN)
    (add_net /BTN_A)
    (add_net /BTN_B)
    (add_net /DAC_BCLK)
    (add_net /DAC_DIN)
    (add_net /DAC_LRC)
    (add_net /LED)
    (add_net /LED_A)
    (add_net /LED_B)
    (add_net /LED_FALSE)
    (add_net /LED_IND)
    (add_net /LED_TRUE)
    (add_net /MMC_MISO)
    (add_net /MMC_MOSI)
    (add_net /MMC_NSS)
    (add_net /MMC_SCK)
    (add_net /USB_DM)
    (add_net /USB_DP)
    (add_net GND)
    (add_net "Net-(D-ANS1-Pad2)")
    (add_net "Net-(D-BTN1-Pad2)")
    (add_net "Net-(D-IND1-Pad2)")
    (add_net "Net-(J-DAC1-Pad4)")
    (add_net "Net-(J-GAIN1-Pad2)")
    (add_net "Net-(J1-Pad1)")
    (add_net "Net-(J1-Pad8)")
    (add_net "Net-(J2-Pad2)")
    (add_net "Net-(J2-Pad3)")
    (add_net "Net-(J2-Pad4)")
    (add_net "Net-(U2-Pad10)")
    (add_net "Net-(U2-Pad11)")
    (add_net "Net-(U2-Pad12)")
    (add_net "Net-(U2-Pad13)")
    (add_net "Net-(U2-Pad14)")
    (add_net "Net-(U2-Pad15)")
    (add_net "Net-(U2-Pad16)")
    (add_net "Net-(U2-Pad19)")
    (add_net "Net-(U2-Pad20)")
    (add_net "Net-(U2-Pad21)")
    (add_net "Net-(U2-Pad22)")
    (add_net "Net-(U2-Pad24)")
    (add_net "Net-(U2-Pad25)")
    (add_net "Net-(U2-Pad26)")
    (add_net "Net-(U2-Pad27)")
    (add_net "Net-(U2-Pad28)")
    (add_net "Net-(U2-Pad29)")
    (add_net "Net-(U2-Pad31)")
    (add_net "Net-(U2-Pad33)")
    (add_net "Net-(U2-Pad35)")
    (add_net "Net-(U2-Pad39)")
    (add_net "Net-(U2-Pad4)")
    (add_net "Net-(U2-Pad40)")
    (add_net "Net-(U2-Pad41)")
    (add_net "Net-(U2-Pad42)")
    (add_net "Net-(U2-Pad43)")
    (add_net "Net-(U2-Pad44)")
    (add_net "Net-(U2-Pad45)")
    (add_net "Net-(U2-Pad46)")
    (add_net "Net-(U2-Pad47)")
    (add_net "Net-(U2-Pad48)")
    (add_net "Net-(U2-Pad51)")
    (add_net "Net-(U2-Pad53)")
    (add_net "Net-(U2-Pad55)")
    (add_net "Net-(U2-Pad56)")
    (add_net "Net-(U2-Pad57)")
    (add_net "Net-(U2-Pad58)")
    (add_net "Net-(U2-Pad59)")
    (add_net "Net-(U2-Pad6)")
    (add_net "Net-(U2-Pad60)")
    (add_net "Net-(U2-Pad61)")
    (add_net "Net-(U2-Pad62)")
    (add_net "Net-(U2-Pad64)")
    (add_net "Net-(U2-Pad65)")
    (add_net "Net-(U2-Pad66)")
    (add_net "Net-(U2-Pad67)")
    (add_net "Net-(U2-Pad68)")
    (add_net "Net-(U2-Pad69)")
    (add_net "Net-(U2-Pad7)")
    (add_net "Net-(U2-Pad70)")
    (add_net "Net-(U2-Pad71)")
    (add_net "Net-(U2-Pad72)")
    (add_net "Net-(U2-Pad74)")
    (add_net "Net-(U2-Pad76)")
    (add_net "Net-(U2-Pad9)")
    (add_net VCC)
    (add_net VDD)
  )

  (module user:Nucleo-64 locked (layer F.Cu) (tedit 5CE1085B) (tstamp 5E27C589)
    (at 83.215 148.46)
    (path /5DF760AA)
    (fp_text reference U2 (at 28.194 7.366) (layer F.SilkS)
      (effects (font (size 1 1) (thickness 0.15)))
    )
    (fp_text value NUCLEO-64 (at 30.25 -27.25) (layer F.Fab)
      (effects (font (size 1 1) (thickness 0.15)))
    )
    (fp_circle (center 40.64 2.54) (end 42.379483 2.54) (layer F.Fab) (width 0.15))
    (fp_line (start -2.54 3.04) (end 8.250074 3.04) (layer F.CrtYd) (width 0.15))
    (fp_line (start 8.25 3.05) (end 10.25 5.05) (layer F.CrtYd) (width 0.15))
    (fp_line (start 10.249976 5.04) (end 43.25 5.04) (layer F.CrtYd) (width 0.15))
    (fp_line (start 43.23 5.02) (end 45.25 3.05) (layer F.CrtYd) (width 0.15))
    (fp_line (start 45.249963 3.04) (end 66.750026 3.04) (layer F.CrtYd) (width 0.15))
    (fp_line (start 66.75 3) (end 66.75 -52) (layer F.CrtYd) (width 0.15))
    (fp_line (start 66.75 -52) (end 52 -52) (layer F.CrtYd) (width 0.15))
    (fp_line (start 52 -52) (end 52 -53) (layer F.CrtYd) (width 0.15))
    (fp_line (start 52 -53) (end 66.75 -53) (layer F.CrtYd) (width 0.15))
    (fp_line (start 66.75 -53) (end 66.75 -77.5) (layer F.CrtYd) (width 0.15))
    (fp_line (start 66.750011 -77.46) (end -2.54 -77.46) (layer F.CrtYd) (width 0.15))
    (fp_line (start -2.54 -77.500037) (end -2.54 -52.999968) (layer F.CrtYd) (width 0.15))
    (fp_line (start -2.5 -53) (end 12.75 -53) (layer F.CrtYd) (width 0.15))
    (fp_line (start 12.75 -53) (end 12.75 -52) (layer F.CrtYd) (width 0.15))
    (fp_line (start 12.7 -52) (end -2.54 -52) (layer F.CrtYd) (width 0.15))
    (fp_line (start -2.54 -52.000014) (end -2.54 3.000013) (layer F.CrtYd) (width 0.15))
    (pad 37 thru_hole circle (at 0 0) (size 1.524 1.524) (drill 0.762) (layers *.Cu *.Mask)
      (net 1 /DAC_DIN))
    (pad 38 thru_hole circle (at 2.54 0) (size 1.524 1.524) (drill 0.762) (layers *.Cu *.Mask)
      (net 2 /BTN_B))
    (pad 76 thru_hole circle (at 63.5 0) (size 1.524 1.524) (drill 0.762) (layers *.Cu *.Mask)
      (net 3 "Net-(U2-Pad76)"))
    (pad 75 thru_hole circle (at 60.96 0) (size 1.524 1.524) (drill 0.762) (layers *.Cu *.Mask)
      (net 4 /LED_FALSE))
    (pad 74 thru_hole circle (at 63.5 -2.54) (size 1.524 1.524) (drill 0.762) (layers *.Cu *.Mask)
      (net 5 "Net-(U2-Pad74)"))
    (pad 72 thru_hole circle (at 63.5 -5.08) (size 1.524 1.524) (drill 0.762) (layers *.Cu *.Mask)
      (net 6 "Net-(U2-Pad72)"))
    (pad 70 thru_hole circle (at 63.5 -7.62) (size 1.524 1.524) (drill 0.762) (layers *.Cu *.Mask)
      (net 7 "Net-(U2-Pad70)"))
    (pad 68 thru_hole circle (at 63.5 -10.16) (size 1.524 1.524) (drill 0.762) (layers *.Cu *.Mask)
      (net 8 "Net-(U2-Pad68)"))
    (pad 66 thru_hole circle (at 63.5 -12.7) (size 1.524 1.524) (drill 0.762) (layers *.Cu *.Mask)
      (net 9 "Net-(U2-Pad66)"))
    (pad 64 thru_hole circle (at 63.5 -15.24) (size 1.524 1.524) (drill 0.762) (layers *.Cu *.Mask)
      (net 10 "Net-(U2-Pad64)"))
    (pad 62 thru_hole circle (at 63.5 -17.78) (size 1.524 1.524) (drill 0.762) (layers *.Cu *.Mask)
      (net 11 "Net-(U2-Pad62)"))
    (pad 60 thru_hole circle (at 63.5 -20.32) (size 1.524 1.524) (drill 0.762) (layers *.Cu *.Mask)
      (net 12 "Net-(U2-Pad60)"))
    (pad 58 thru_hole circle (at 63.5 -22.86) (size 1.524 1.524) (drill 0.762) (layers *.Cu *.Mask)
      (net 13 "Net-(U2-Pad58)"))
    (pad 56 thru_hole circle (at 63.5 -25.4) (size 1.524 1.524) (drill 0.762) (layers *.Cu *.Mask)
      (net 14 "Net-(U2-Pad56)"))
    (pad 54 thru_hole circle (at 63.5 -27.94) (size 1.524 1.524) (drill 0.762) (layers *.Cu *.Mask)
      (net 15 /DAC_LRC))
    (pad 52 thru_hole circle (at 63.5 -30.48) (size 1.524 1.524) (drill 0.762) (layers *.Cu *.Mask)
      (net 16 /USB_DM))
    (pad 50 thru_hole circle (at 63.5 -33.02) (size 1.524 1.524) (drill 0.762) (layers *.Cu *.Mask)
      (net 17 /USB_DP))
    (pad 48 thru_hole circle (at 63.5 -35.56) (size 1.524 1.524) (drill 0.762) (layers *.Cu *.Mask)
      (net 18 "Net-(U2-Pad48)"))
    (pad 46 thru_hole circle (at 63.5 -38.1) (size 1.524 1.524) (drill 0.762) (layers *.Cu *.Mask)
      (net 19 "Net-(U2-Pad46)"))
    (pad 44 thru_hole circle (at 63.5 -40.64) (size 1.524 1.524) (drill 0.762) (layers *.Cu *.Mask)
      (net 20 "Net-(U2-Pad44)"))
    (pad 42 thru_hole circle (at 63.5 -43.18) (size 1.524 1.524) (drill 0.762) (layers *.Cu *.Mask)
      (net 21 "Net-(U2-Pad42)"))
    (pad 40 thru_hole circle (at 63.5 -45.72) (size 1.524 1.524) (drill 0.762) (layers *.Cu *.Mask)
      (net 22 "Net-(U2-Pad40)"))
    (pad 73 thru_hole circle (at 60.96 -2.54) (size 1.524 1.524) (drill 0.762) (layers *.Cu *.Mask)
      (net 23 /LED_TRUE))
    (pad 71 thru_hole circle (at 60.96 -5.08) (size 1.524 1.524) (drill 0.762) (layers *.Cu *.Mask)
      (net 24 "Net-(U2-Pad71)"))
    (pad 69 thru_hole circle (at 60.96 -7.62) (size 1.524 1.524) (drill 0.762) (layers *.Cu *.Mask)
      (net 25 "Net-(U2-Pad69)"))
    (pad 67 thru_hole circle (at 60.96 -10.16) (size 1.524 1.524) (drill 0.762) (layers *.Cu *.Mask)
      (net 26 "Net-(U2-Pad67)"))
    (pad 65 thru_hole circle (at 60.96 -12.7) (size 1.524 1.524) (drill 0.762) (layers *.Cu *.Mask)
      (net 27 "Net-(U2-Pad65)"))
    (pad 63 thru_hole circle (at 60.96 -15.24) (size 1.524 1.524) (drill 0.762) (layers *.Cu *.Mask)
      (net 28 /DAC_BCLK))
    (pad 61 thru_hole circle (at 60.96 -17.78) (size 1.524 1.524) (drill 0.762) (layers *.Cu *.Mask)
      (net 29 "Net-(U2-Pad61)"))
    (pad 59 thru_hole circle (at 60.96 -20.32) (size 1.524 1.524) (drill 0.762) (layers *.Cu *.Mask)
      (net 30 "Net-(U2-Pad59)"))
    (pad 57 thru_hole circle (at 60.96 -22.86) (size 1.524 1.524) (drill 0.762) (layers *.Cu *.Mask)
      (net 31 "Net-(U2-Pad57)"))
    (pad 55 thru_hole circle (at 60.96 -25.4) (size 1.524 1.524) (drill 0.762) (layers *.Cu *.Mask)
      (net 32 "Net-(U2-Pad55)"))
    (pad 53 thru_hole circle (at 60.96 -27.94) (size 1.524 1.524) (drill 0.762) (layers *.Cu *.Mask)
      (net 33 "Net-(U2-Pad53)"))
    (pad 51 thru_hole circle (at 60.96 -30.48) (size 1.524 1.524) (drill 0.762) (layers *.Cu *.Mask)
      (net 34 "Net-(U2-Pad51)"))
    (pad 49 thru_hole circle (at 60.96 -33.02) (size 1.524 1.524) (drill 0.762) (layers *.Cu *.Mask)
      (net 35 /LED))
    (pad 47 thru_hole circle (at 60.96 -35.56) (size 1.524 1.524) (drill 0.762) (layers *.Cu *.Mask)
      (net 36 "Net-(U2-Pad47)"))
    (pad 45 thru_hole circle (at 60.96 -38.1) (size 1.524 1.524) (drill 0.762) (layers *.Cu *.Mask)
      (net 37 "Net-(U2-Pad45)"))
    (pad 43 thru_hole circle (at 60.96 -40.64) (size 1.524 1.524) (drill 0.762) (layers *.Cu *.Mask)
      (net 38 "Net-(U2-Pad43)"))
    (pad 41 thru_hole circle (at 60.96 -43.18) (size 1.524 1.524) (drill 0.762) (layers *.Cu *.Mask)
      (net 39 "Net-(U2-Pad41)"))
    (pad 39 thru_hole rect (at 60.96 -45.72) (size 1.524 1.524) (drill 0.762) (layers *.Cu *.Mask)
      (net 40 "Net-(U2-Pad39)"))
    (pad 35 thru_hole circle (at 0 -2.54) (size 1.524 1.524) (drill 0.762) (layers *.Cu *.Mask)
      (net 41 "Net-(U2-Pad35)"))
    (pad 33 thru_hole circle (at 0 -5.08) (size 1.524 1.524) (drill 0.762) (layers *.Cu *.Mask)
      (net 42 "Net-(U2-Pad33)"))
    (pad 31 thru_hole circle (at 0 -7.62) (size 1.524 1.524) (drill 0.762) (layers *.Cu *.Mask)
      (net 43 "Net-(U2-Pad31)"))
    (pad 29 thru_hole circle (at 0 -10.16) (size 1.524 1.524) (drill 0.762) (layers *.Cu *.Mask)
      (net 44 "Net-(U2-Pad29)"))
    (pad 27 thru_hole circle (at 0 -12.7) (size 1.524 1.524) (drill 0.762) (layers *.Cu *.Mask)
      (net 45 "Net-(U2-Pad27)"))
    (pad 25 thru_hole circle (at 0 -15.24) (size 1.524 1.524) (drill 0.762) (layers *.Cu *.Mask)
      (net 46 "Net-(U2-Pad25)"))
    (pad 23 thru_hole circle (at 0 -17.78) (size 1.524 1.524) (drill 0.762) (layers *.Cu *.Mask)
      (net 47 /BTN))
    (pad 21 thru_hole circle (at 0 -20.32) (size 1.524 1.524) (drill 0.762) (layers *.Cu *.Mask)
      (net 48 "Net-(U2-Pad21)"))
    (pad 19 thru_hole circle (at 0 -22.86) (size 1.524 1.524) (drill 0.762) (layers *.Cu *.Mask)
      (net 49 "Net-(U2-Pad19)"))
    (pad 17 thru_hole circle (at 0 -25.4) (size 1.524 1.524) (drill 0.762) (layers *.Cu *.Mask)
      (net 50 /MMC_NSS))
    (pad 15 thru_hole circle (at 0 -27.94) (size 1.524 1.524) (drill 0.762) (layers *.Cu *.Mask)
      (net 51 "Net-(U2-Pad15)"))
    (pad 13 thru_hole circle (at 0 -30.48) (size 1.524 1.524) (drill 0.762) (layers *.Cu *.Mask)
      (net 52 "Net-(U2-Pad13)"))
    (pad 11 thru_hole circle (at 0 -33.02) (size 1.524 1.524) (drill 0.762) (layers *.Cu *.Mask)
      (net 53 "Net-(U2-Pad11)"))
    (pad 9 thru_hole circle (at 0 -35.56) (size 1.524 1.524) (drill 0.762) (layers *.Cu *.Mask)
      (net 54 "Net-(U2-Pad9)"))
    (pad 7 thru_hole circle (at 0 -38.1) (size 1.524 1.524) (drill 0.762) (layers *.Cu *.Mask)
      (net 55 "Net-(U2-Pad7)"))
    (pad 5 thru_hole circle (at 0 -40.64) (size 1.524 1.524) (drill 0.762) (layers *.Cu *.Mask)
      (net 56 VDD))
    (pad 3 thru_hole circle (at 0 -43.18) (size 1.524 1.524) (drill 0.762) (layers *.Cu *.Mask)
      (net 57 /MMC_MOSI))
    (pad 1 thru_hole rect (at 0 -45.72) (size 1.524 1.524) (drill 0.762) (layers *.Cu *.Mask)
      (net 58 /MMC_SCK))
    (pad 36 thru_hole circle (at 2.54 -2.54) (size 1.524 1.524) (drill 0.762) (layers *.Cu *.Mask)
      (net 59 /BTN_A))
    (pad 34 thru_hole circle (at 2.54 -5.08) (size 1.524 1.524) (drill 0.762) (layers *.Cu *.Mask)
      (net 60 /LED_B))
    (pad 32 thru_hole circle (at 2.54 -7.62) (size 1.524 1.524) (drill 0.762) (layers *.Cu *.Mask)
      (net 61 /LED_A))
    (pad 30 thru_hole circle (at 2.54 -10.16) (size 1.524 1.524) (drill 0.762) (layers *.Cu *.Mask)
      (net 62 /LED_IND))
    (pad 28 thru_hole circle (at 2.54 -12.7) (size 1.524 1.524) (drill 0.762) (layers *.Cu *.Mask)
      (net 63 "Net-(U2-Pad28)"))
    (pad 26 thru_hole circle (at 2.54 -15.24) (size 1.524 1.524) (drill 0.762) (layers *.Cu *.Mask)
      (net 64 "Net-(U2-Pad26)"))
    (pad 24 thru_hole circle (at 2.54 -17.78) (size 1.524 1.524) (drill 0.762) (layers *.Cu *.Mask)
      (net 65 "Net-(U2-Pad24)"))
    (pad 22 thru_hole circle (at 2.54 -20.32) (size 1.524 1.524) (drill 0.762) (layers *.Cu *.Mask)
      (net 66 "Net-(U2-Pad22)"))
    (pad 20 thru_hole circle (at 2.54 -22.86) (size 1.524 1.524) (drill 0.762) (layers *.Cu *.Mask)
      (net 67 "Net-(U2-Pad20)"))
    (pad 18 thru_hole circle (at 2.54 -25.4) (size 1.524 1.524) (drill 0.762) (layers *.Cu *.Mask)
      (net 68 VCC))
    (pad 16 thru_hole circle (at 2.54 -27.94) (size 1.524 1.524) (drill 0.762) (layers *.Cu *.Mask)
      (net 69 "Net-(U2-Pad16)"))
    (pad 14 thru_hole circle (at 2.54 -30.48) (size 1.524 1.524) (drill 0.762) (layers *.Cu *.Mask)
      (net 70 "Net-(U2-Pad14)"))
    (pad 12 thru_hole circle (at 2.54 -33.02) (size 1.524 1.524) (drill 0.762) (layers *.Cu *.Mask)
      (net 71 "Net-(U2-Pad12)"))
    (pad 10 thru_hole circle (at 2.54 -35.56) (size 1.524 1.524) (drill 0.762) (layers *.Cu *.Mask)
      (net 72 "Net-(U2-Pad10)"))
    (pad 8 thru_hole circle (at 2.54 -38.1) (size 1.524 1.524) (drill 0.762) (layers *.Cu *.Mask)
      (net 73 GND))
    (pad 6 thru_hole circle (at 2.54 -40.64) (size 1.524 1.524) (drill 0.762) (layers *.Cu *.Mask)
      (net 74 "Net-(U2-Pad6)"))
    (pad 4 thru_hole circle (at 2.54 -43.18) (size 1.524 1.524) (drill 0.762) (layers *.Cu *.Mask)
      (net 75 "Net-(U2-Pad4)"))
    (pad 2 thru_hole circle (at 2.54 -45.72) (size 1.524 1.524) (drill 0.762) (layers *.Cu *.Mask)
      (net 76 /MMC_MISO))
    (model ${KIPRJMOD}/NUCLEO-F411RE.STEP
      (offset (xyz 40.5 -2.5 9))
      (scale (xyz 1 1 1))
      (rotate (xyz 0 0 0))
    )
  )

  (module Connector_USB:USB_Micro-B_Wuerth_629105150521 (layer F.Cu) (tedit 5A142044) (tstamp 5E27C895)
    (at 147.525 89.5 90)
    (descr "USB Micro-B receptacle, http://www.mouser.com/ds/2/445/629105150521-469306.pdf")
    (tags "usb micro receptacle")
    (path /5DF9FD65)
    (attr smd)
    (fp_text reference J2 (at 0 -3.5 90) (layer F.SilkS)
      (effects (font (size 1 1) (thickness 0.15)))
    )
    (fp_text value USB_B_Micro (at 0 5.6 90) (layer F.Fab)
      (effects (font (size 1 1) (thickness 0.15)))
    )
    (fp_line (start -4 -2.25) (end -4 3.15) (layer F.Fab) (width 0.15))
    (fp_line (start -4 3.15) (end -3.7 3.15) (layer F.Fab) (width 0.15))
    (fp_line (start -3.7 3.15) (end -3.7 4.35) (layer F.Fab) (width 0.15))
    (fp_line (start -3.7 4.35) (end 3.7 4.35) (layer F.Fab) (width 0.15))
    (fp_line (start 3.7 4.35) (end 3.7 3.15) (layer F.Fab) (width 0.15))
    (fp_line (start 3.7 3.15) (end 4 3.15) (layer F.Fab) (width 0.15))
    (fp_line (start 4 3.15) (end 4 -2.25) (layer F.Fab) (width 0.15))
    (fp_line (start 4 -2.25) (end -4 -2.25) (layer F.Fab) (width 0.15))
    (fp_line (start -2.7 3.75) (end 2.7 3.75) (layer F.Fab) (width 0.15))
    (fp_line (start -1.075 -2.725) (end -1.3 -2.55) (layer F.Fab) (width 0.15))
    (fp_line (start -1.3 -2.55) (end -1.525 -2.725) (layer F.Fab) (width 0.15))
    (fp_line (start -1.525 -2.725) (end -1.525 -2.95) (layer F.Fab) (width 0.15))
    (fp_line (start -1.525 -2.95) (end -1.075 -2.95) (layer F.Fab) (width 0.15))
    (fp_line (start -1.075 -2.95) (end -1.075 -2.725) (layer F.Fab) (width 0.15))
    (fp_line (start -4.15 -0.65) (end -4.15 0.75) (layer F.SilkS) (width 0.15))
    (fp_line (start -4.15 3.15) (end -4.15 3.3) (layer F.SilkS) (width 0.15))
    (fp_line (start -4.15 3.3) (end -3.85 3.3) (layer F.SilkS) (width 0.15))
    (fp_line (start -3.85 3.3) (end -3.85 3.75) (layer F.SilkS) (width 0.15))
    (fp_line (start 3.85 3.75) (end 3.85 3.3) (layer F.SilkS) (width 0.15))
    (fp_line (start 3.85 3.3) (end 4.15 3.3) (layer F.SilkS) (width 0.15))
    (fp_line (start 4.15 3.3) (end 4.15 3.15) (layer F.SilkS) (width 0.15))
    (fp_line (start 4.15 0.75) (end 4.15 -0.65) (layer F.SilkS) (width 0.15))
    (fp_line (start -1.075 -2.825) (end -1.8 -2.825) (layer F.SilkS) (width 0.15))
    (fp_line (start -1.8 -2.825) (end -1.8 -2.4) (layer F.SilkS) (width 0.15))
    (fp_line (start -1.8 -2.4) (end -2.8 -2.4) (layer F.SilkS) (width 0.15))
    (fp_line (start 1.8 -2.4) (end 2.8 -2.4) (layer F.SilkS) (width 0.15))
    (fp_line (start -4.94 -3.34) (end -4.94 4.85) (layer F.CrtYd) (width 0.05))
    (fp_line (start -4.94 4.85) (end 4.95 4.85) (layer F.CrtYd) (width 0.05))
    (fp_line (start 4.95 4.85) (end 4.95 -3.34) (layer F.CrtYd) (width 0.05))
    (fp_line (start 4.95 -3.34) (end -4.94 -3.34) (layer F.CrtYd) (width 0.05))
    (fp_text user %R (at 0 1.05 90) (layer F.Fab)
      (effects (font (size 1 1) (thickness 0.15)))
    )
    (fp_text user "PCB Edge" (at 0 3.75 90) (layer Dwgs.User)
      (effects (font (size 0.5 0.5) (thickness 0.08)))
    )
    (pad 1 smd rect (at -1.3 -1.9 90) (size 0.45 1.3) (layers F.Cu F.Paste F.Mask)
      (net 68 VCC))
    (pad 2 smd rect (at -0.65 -1.9 90) (size 0.45 1.3) (layers F.Cu F.Paste F.Mask)
      (net 77 "Net-(J2-Pad2)"))
    (pad 3 smd rect (at 0 -1.9 90) (size 0.45 1.3) (layers F.Cu F.Paste F.Mask)
      (net 78 "Net-(J2-Pad3)"))
    (pad 4 smd rect (at 0.65 -1.9 90) (size 0.45 1.3) (layers F.Cu F.Paste F.Mask)
      (net 79 "Net-(J2-Pad4)"))
    (pad 5 smd rect (at 1.3 -1.9 90) (size 0.45 1.3) (layers F.Cu F.Paste F.Mask)
      (net 73 GND))
    (pad 6 thru_hole oval (at -3.725 -1.85 90) (size 1.45 2) (drill oval 0.85 1.4) (layers *.Cu *.Mask)
      (net 73 GND))
    (pad 6 thru_hole oval (at 3.725 -1.85 90) (size 1.45 2) (drill oval 0.85 1.4) (layers *.Cu *.Mask)
      (net 73 GND))
    (pad 6 thru_hole oval (at -3.875 1.95 90) (size 1.15 1.8) (drill oval 0.55 1.2) (layers *.Cu *.Mask)
      (net 73 GND))
    (pad 6 thru_hole oval (at 3.875 1.95 90) (size 1.15 1.8) (drill oval 0.55 1.2) (layers *.Cu *.Mask)
      (net 73 GND))
    (pad "" np_thru_hole oval (at -2.5 -0.8 90) (size 0.8 0.8) (drill 0.8) (layers *.Cu *.Mask))
    (pad "" np_thru_hole oval (at 2.5 -0.8 90) (size 0.8 0.8) (drill 0.8) (layers *.Cu *.Mask))
    (model ${KISYS3DMOD}/Connector_USB.3dshapes/USB_Micro-B_Wuerth_629105150521.wrl
      (at (xyz 0 0 0))
      (scale (xyz 1 1 1))
      (rotate (xyz 0 0 0))
    )
  )

  (module Resistor_SMD:R_0805_2012Metric_Pad1.15x1.40mm_HandSolder (layer F.Cu) (tedit 5B36C52B) (tstamp 5E27CB6F)
    (at 50.525 111.1)
    (descr "Resistor SMD 0805 (2012 Metric), square (rectangular) end terminal, IPC_7351 nominal with elongated pad for handsoldering. (Body size source: https://docs.google.com/spreadsheets/d/1BsfQQcO9C6DZCsRaXUlFlo91Tg2WpOkGARC1WS5S8t0/edit?usp=sharing), generated with kicad-footprint-generator")
    (tags "resistor handsolder")
    (path /5DF889EC)
    (attr smd)
    (fp_text reference R-ANS1 (at 0 -1.65) (layer F.SilkS)
      (effects (font (size 1 1) (thickness 0.15)))
    )
    (fp_text value 10K (at 0 1.65) (layer F.Fab)
      (effects (font (size 1 1) (thickness 0.15)))
    )
    (fp_line (start -1 0.6) (end -1 -0.6) (layer F.Fab) (width 0.1))
    (fp_line (start -1 -0.6) (end 1 -0.6) (layer F.Fab) (width 0.1))
    (fp_line (start 1 -0.6) (end 1 0.6) (layer F.Fab) (width 0.1))
    (fp_line (start 1 0.6) (end -1 0.6) (layer F.Fab) (width 0.1))
    (fp_line (start -0.261252 -0.71) (end 0.261252 -0.71) (layer F.SilkS) (width 0.12))
    (fp_line (start -0.261252 0.71) (end 0.261252 0.71) (layer F.SilkS) (width 0.12))
    (fp_line (start -1.85 0.95) (end -1.85 -0.95) (layer F.CrtYd) (width 0.05))
    (fp_line (start -1.85 -0.95) (end 1.85 -0.95) (layer F.CrtYd) (width 0.05))
    (fp_line (start 1.85 -0.95) (end 1.85 0.95) (layer F.CrtYd) (width 0.05))
    (fp_line (start 1.85 0.95) (end -1.85 0.95) (layer F.CrtYd) (width 0.05))
    (fp_text user %R (at 0 0) (layer F.Fab)
      (effects (font (size 0.5 0.5) (thickness 0.08)))
    )
    (pad 1 smd roundrect (at -1.025 0) (size 1.15 1.4) (layers F.Cu F.Paste F.Mask) (roundrect_rratio 0.217391)
      (net 56 VDD))
    (pad 2 smd roundrect (at 1.025 0) (size 1.15 1.4) (layers F.Cu F.Paste F.Mask) (roundrect_rratio 0.217391)
      (net 59 /BTN_A))
    (model ${KISYS3DMOD}/Resistor_SMD.3dshapes/R_0805_2012Metric.wrl
      (at (xyz 0 0 0))
      (scale (xyz 1 1 1))
      (rotate (xyz 0 0 0))
    )
  )

  (module Resistor_SMD:R_0805_2012Metric_Pad1.15x1.40mm_HandSolder (layer F.Cu) (tedit 5B36C52B) (tstamp 5E27CB80)
    (at 50.575 116.7)
    (descr "Resistor SMD 0805 (2012 Metric), square (rectangular) end terminal, IPC_7351 nominal with elongated pad for handsoldering. (Body size source: https://docs.google.com/spreadsheets/d/1BsfQQcO9C6DZCsRaXUlFlo91Tg2WpOkGARC1WS5S8t0/edit?usp=sharing), generated with kicad-footprint-generator")
    (tags "resistor handsolder")
    (path /5DF8DA8D)
    (attr smd)
    (fp_text reference R-ANS2 (at 0 -1.65) (layer F.SilkS)
      (effects (font (size 1 1) (thickness 0.15)))
    )
    (fp_text value 10K (at 0 1.65) (layer F.Fab)
      (effects (font (size 1 1) (thickness 0.15)))
    )
    (fp_text user %R (at 0 0) (layer F.Fab)
      (effects (font (size 0.5 0.5) (thickness 0.08)))
    )
    (fp_line (start 1.85 0.95) (end -1.85 0.95) (layer F.CrtYd) (width 0.05))
    (fp_line (start 1.85 -0.95) (end 1.85 0.95) (layer F.CrtYd) (width 0.05))
    (fp_line (start -1.85 -0.95) (end 1.85 -0.95) (layer F.CrtYd) (width 0.05))
    (fp_line (start -1.85 0.95) (end -1.85 -0.95) (layer F.CrtYd) (width 0.05))
    (fp_line (start -0.261252 0.71) (end 0.261252 0.71) (layer F.SilkS) (width 0.12))
    (fp_line (start -0.261252 -0.71) (end 0.261252 -0.71) (layer F.SilkS) (width 0.12))
    (fp_line (start 1 0.6) (end -1 0.6) (layer F.Fab) (width 0.1))
    (fp_line (start 1 -0.6) (end 1 0.6) (layer F.Fab) (width 0.1))
    (fp_line (start -1 -0.6) (end 1 -0.6) (layer F.Fab) (width 0.1))
    (fp_line (start -1 0.6) (end -1 -0.6) (layer F.Fab) (width 0.1))
    (pad 2 smd roundrect (at 1.025 0) (size 1.15 1.4) (layers F.Cu F.Paste F.Mask) (roundrect_rratio 0.217391)
      (net 2 /BTN_B))
    (pad 1 smd roundrect (at -1.025 0) (size 1.15 1.4) (layers F.Cu F.Paste F.Mask) (roundrect_rratio 0.217391)
      (net 56 VDD))
    (model ${KISYS3DMOD}/Resistor_SMD.3dshapes/R_0805_2012Metric.wrl
      (at (xyz 0 0 0))
      (scale (xyz 1 1 1))
      (rotate (xyz 0 0 0))
    )
  )

  (module Resistor_SMD:R_0805_2012Metric_Pad1.15x1.40mm_HandSolder (layer F.Cu) (tedit 5B36C52B) (tstamp 5E27CB91)
    (at 57.85 110.025)
    (descr "Resistor SMD 0805 (2012 Metric), square (rectangular) end terminal, IPC_7351 nominal with elongated pad for handsoldering. (Body size source: https://docs.google.com/spreadsheets/d/1BsfQQcO9C6DZCsRaXUlFlo91Tg2WpOkGARC1WS5S8t0/edit?usp=sharing), generated with kicad-footprint-generator")
    (tags "resistor handsolder")
    (path /5DFDEB05)
    (attr smd)
    (fp_text reference R-GAIN1 (at 0 -1.65) (layer F.SilkS)
      (effects (font (size 1 1) (thickness 0.15)))
    )
    (fp_text value 100K (at 0 1.65) (layer F.Fab)
      (effects (font (size 1 1) (thickness 0.15)))
    )
    (fp_line (start -1 0.6) (end -1 -0.6) (layer F.Fab) (width 0.1))
    (fp_line (start -1 -0.6) (end 1 -0.6) (layer F.Fab) (width 0.1))
    (fp_line (start 1 -0.6) (end 1 0.6) (layer F.Fab) (width 0.1))
    (fp_line (start 1 0.6) (end -1 0.6) (layer F.Fab) (width 0.1))
    (fp_line (start -0.261252 -0.71) (end 0.261252 -0.71) (layer F.SilkS) (width 0.12))
    (fp_line (start -0.261252 0.71) (end 0.261252 0.71) (layer F.SilkS) (width 0.12))
    (fp_line (start -1.85 0.95) (end -1.85 -0.95) (layer F.CrtYd) (width 0.05))
    (fp_line (start -1.85 -0.95) (end 1.85 -0.95) (layer F.CrtYd) (width 0.05))
    (fp_line (start 1.85 -0.95) (end 1.85 0.95) (layer F.CrtYd) (width 0.05))
    (fp_line (start 1.85 0.95) (end -1.85 0.95) (layer F.CrtYd) (width 0.05))
    (fp_text user %R (at 0 0) (layer F.Fab)
      (effects (font (size 0.5 0.5) (thickness 0.08)))
    )
    (pad 1 smd roundrect (at -1.025 0) (size 1.15 1.4) (layers F.Cu F.Paste F.Mask) (roundrect_rratio 0.217391)
      (net 80 "Net-(J-DAC1-Pad4)"))
    (pad 2 smd roundrect (at 1.025 0) (size 1.15 1.4) (layers F.Cu F.Paste F.Mask) (roundrect_rratio 0.217391)
      (net 81 "Net-(J-GAIN1-Pad2)"))
    (model ${KISYS3DMOD}/Resistor_SMD.3dshapes/R_0805_2012Metric.wrl
      (at (xyz 0 0 0))
      (scale (xyz 1 1 1))
      (rotate (xyz 0 0 0))
    )
  )

  (module Resistor_SMD:R_0805_2012Metric_Pad1.15x1.40mm_HandSolder (layer F.Cu) (tedit 5B36C52B) (tstamp 5E27CBA2)
    (at 53.875 119.525)
    (descr "Resistor SMD 0805 (2012 Metric), square (rectangular) end terminal, IPC_7351 nominal with elongated pad for handsoldering. (Body size source: https://docs.google.com/spreadsheets/d/1BsfQQcO9C6DZCsRaXUlFlo91Tg2WpOkGARC1WS5S8t0/edit?usp=sharing), generated with kicad-footprint-generator")
    (tags "resistor handsolder")
    (path /5DFFE85F)
    (attr smd)
    (fp_text reference R-IND1 (at 0 -1.65) (layer F.SilkS)
      (effects (font (size 1 1) (thickness 0.15)))
    )
    (fp_text value 330 (at 0 1.65) (layer F.Fab)
      (effects (font (size 1 1) (thickness 0.15)))
    )
    (fp_text user %R (at 0 0) (layer F.Fab)
      (effects (font (size 0.5 0.5) (thickness 0.08)))
    )
    (fp_line (start 1.85 0.95) (end -1.85 0.95) (layer F.CrtYd) (width 0.05))
    (fp_line (start 1.85 -0.95) (end 1.85 0.95) (layer F.CrtYd) (width 0.05))
    (fp_line (start -1.85 -0.95) (end 1.85 -0.95) (layer F.CrtYd) (width 0.05))
    (fp_line (start -1.85 0.95) (end -1.85 -0.95) (layer F.CrtYd) (width 0.05))
    (fp_line (start -0.261252 0.71) (end 0.261252 0.71) (layer F.SilkS) (width 0.12))
    (fp_line (start -0.261252 -0.71) (end 0.261252 -0.71) (layer F.SilkS) (width 0.12))
    (fp_line (start 1 0.6) (end -1 0.6) (layer F.Fab) (width 0.1))
    (fp_line (start 1 -0.6) (end 1 0.6) (layer F.Fab) (width 0.1))
    (fp_line (start -1 -0.6) (end 1 -0.6) (layer F.Fab) (width 0.1))
    (fp_line (start -1 0.6) (end -1 -0.6) (layer F.Fab) (width 0.1))
    (pad 2 smd roundrect (at 1.025 0) (size 1.15 1.4) (layers F.Cu F.Paste F.Mask) (roundrect_rratio 0.217391)
      (net 82 "Net-(D-IND1-Pad2)"))
    (pad 1 smd roundrect (at -1.025 0) (size 1.15 1.4) (layers F.Cu F.Paste F.Mask) (roundrect_rratio 0.217391)
      (net 56 VDD))
    (model ${KISYS3DMOD}/Resistor_SMD.3dshapes/R_0805_2012Metric.wrl
      (at (xyz 0 0 0))
      (scale (xyz 1 1 1))
      (rotate (xyz 0 0 0))
    )
  )

  (module Resistor_SMD:R_0805_2012Metric_Pad1.15x1.40mm_HandSolder (layer F.Cu) (tedit 5B36C52B) (tstamp 5E27CBB3)
    (at 57.55 115.5)
    (descr "Resistor SMD 0805 (2012 Metric), square (rectangular) end terminal, IPC_7351 nominal with elongated pad for handsoldering. (Body size source: https://docs.google.com/spreadsheets/d/1BsfQQcO9C6DZCsRaXUlFlo91Tg2WpOkGARC1WS5S8t0/edit?usp=sharing), generated with kicad-footprint-generator")
    (tags "resistor handsolder")
    (path /5DF803DB)
    (attr smd)
    (fp_text reference R-MMC1 (at 0 -1.65) (layer F.SilkS)
      (effects (font (size 1 1) (thickness 0.15)))
    )
    (fp_text value 10K (at 0 1.65) (layer F.Fab)
      (effects (font (size 1 1) (thickness 0.15)))
    )
    (fp_line (start -1 0.6) (end -1 -0.6) (layer F.Fab) (width 0.1))
    (fp_line (start -1 -0.6) (end 1 -0.6) (layer F.Fab) (width 0.1))
    (fp_line (start 1 -0.6) (end 1 0.6) (layer F.Fab) (width 0.1))
    (fp_line (start 1 0.6) (end -1 0.6) (layer F.Fab) (width 0.1))
    (fp_line (start -0.261252 -0.71) (end 0.261252 -0.71) (layer F.SilkS) (width 0.12))
    (fp_line (start -0.261252 0.71) (end 0.261252 0.71) (layer F.SilkS) (width 0.12))
    (fp_line (start -1.85 0.95) (end -1.85 -0.95) (layer F.CrtYd) (width 0.05))
    (fp_line (start -1.85 -0.95) (end 1.85 -0.95) (layer F.CrtYd) (width 0.05))
    (fp_line (start 1.85 -0.95) (end 1.85 0.95) (layer F.CrtYd) (width 0.05))
    (fp_line (start 1.85 0.95) (end -1.85 0.95) (layer F.CrtYd) (width 0.05))
    (fp_text user %R (at 0 0) (layer F.Fab)
      (effects (font (size 0.5 0.5) (thickness 0.08)))
    )
    (pad 1 smd roundrect (at -1.025 0) (size 1.15 1.4) (layers F.Cu F.Paste F.Mask) (roundrect_rratio 0.217391)
      (net 83 "Net-(J1-Pad1)"))
    (pad 2 smd roundrect (at 1.025 0) (size 1.15 1.4) (layers F.Cu F.Paste F.Mask) (roundrect_rratio 0.217391)
      (net 56 VDD))
    (model ${KISYS3DMOD}/Resistor_SMD.3dshapes/R_0805_2012Metric.wrl
      (at (xyz 0 0 0))
      (scale (xyz 1 1 1))
      (rotate (xyz 0 0 0))
    )
  )

  (module Resistor_SMD:R_0805_2012Metric_Pad1.15x1.40mm_HandSolder (layer F.Cu) (tedit 5B36C52B) (tstamp 5E27CBC4)
    (at 68.65 115.625)
    (descr "Resistor SMD 0805 (2012 Metric), square (rectangular) end terminal, IPC_7351 nominal with elongated pad for handsoldering. (Body size source: https://docs.google.com/spreadsheets/d/1BsfQQcO9C6DZCsRaXUlFlo91Tg2WpOkGARC1WS5S8t0/edit?usp=sharing), generated with kicad-footprint-generator")
    (tags "resistor handsolder")
    (path /5DF81CF1)
    (attr smd)
    (fp_text reference R-MMC2 (at 0 -1.65) (layer F.SilkS)
      (effects (font (size 1 1) (thickness 0.15)))
    )
    (fp_text value 10K (at 0 1.65) (layer F.Fab)
      (effects (font (size 1 1) (thickness 0.15)))
    )
    (fp_text user %R (at 0 0) (layer F.Fab)
      (effects (font (size 0.5 0.5) (thickness 0.08)))
    )
    (fp_line (start 1.85 0.95) (end -1.85 0.95) (layer F.CrtYd) (width 0.05))
    (fp_line (start 1.85 -0.95) (end 1.85 0.95) (layer F.CrtYd) (width 0.05))
    (fp_line (start -1.85 -0.95) (end 1.85 -0.95) (layer F.CrtYd) (width 0.05))
    (fp_line (start -1.85 0.95) (end -1.85 -0.95) (layer F.CrtYd) (width 0.05))
    (fp_line (start -0.261252 0.71) (end 0.261252 0.71) (layer F.SilkS) (width 0.12))
    (fp_line (start -0.261252 -0.71) (end 0.261252 -0.71) (layer F.SilkS) (width 0.12))
    (fp_line (start 1 0.6) (end -1 0.6) (layer F.Fab) (width 0.1))
    (fp_line (start 1 -0.6) (end 1 0.6) (layer F.Fab) (width 0.1))
    (fp_line (start -1 -0.6) (end 1 -0.6) (layer F.Fab) (width 0.1))
    (fp_line (start -1 0.6) (end -1 -0.6) (layer F.Fab) (width 0.1))
    (pad 2 smd roundrect (at 1.025 0) (size 1.15 1.4) (layers F.Cu F.Paste F.Mask) (roundrect_rratio 0.217391)
      (net 56 VDD))
    (pad 1 smd roundrect (at -1.025 0) (size 1.15 1.4) (layers F.Cu F.Paste F.Mask) (roundrect_rratio 0.217391)
      (net 76 /MMC_MISO))
    (model ${KISYS3DMOD}/Resistor_SMD.3dshapes/R_0805_2012Metric.wrl
      (at (xyz 0 0 0))
      (scale (xyz 1 1 1))
      (rotate (xyz 0 0 0))
    )
  )

  (module Resistor_SMD:R_0805_2012Metric_Pad1.15x1.40mm_HandSolder (layer F.Cu) (tedit 5B36C52B) (tstamp 5E27CBD5)
    (at 55.400001 123.325001)
    (descr "Resistor SMD 0805 (2012 Metric), square (rectangular) end terminal, IPC_7351 nominal with elongated pad for handsoldering. (Body size source: https://docs.google.com/spreadsheets/d/1BsfQQcO9C6DZCsRaXUlFlo91Tg2WpOkGARC1WS5S8t0/edit?usp=sharing), generated with kicad-footprint-generator")
    (tags "resistor handsolder")
    (path /5DF81D47)
    (attr smd)
    (fp_text reference R-MMC3 (at 0 -1.65) (layer F.SilkS)
      (effects (font (size 1 1) (thickness 0.15)))
    )
    (fp_text value 10K (at 0 1.65) (layer F.Fab)
      (effects (font (size 1 1) (thickness 0.15)))
    )
    (fp_text user %R (at 0 0) (layer F.Fab)
      (effects (font (size 0.5 0.5) (thickness 0.08)))
    )
    (fp_line (start 1.85 0.95) (end -1.85 0.95) (layer F.CrtYd) (width 0.05))
    (fp_line (start 1.85 -0.95) (end 1.85 0.95) (layer F.CrtYd) (width 0.05))
    (fp_line (start -1.85 -0.95) (end 1.85 -0.95) (layer F.CrtYd) (width 0.05))
    (fp_line (start -1.85 0.95) (end -1.85 -0.95) (layer F.CrtYd) (width 0.05))
    (fp_line (start -0.261252 0.71) (end 0.261252 0.71) (layer F.SilkS) (width 0.12))
    (fp_line (start -0.261252 -0.71) (end 0.261252 -0.71) (layer F.SilkS) (width 0.12))
    (fp_line (start 1 0.6) (end -1 0.6) (layer F.Fab) (width 0.1))
    (fp_line (start 1 -0.6) (end 1 0.6) (layer F.Fab) (width 0.1))
    (fp_line (start -1 -0.6) (end 1 -0.6) (layer F.Fab) (width 0.1))
    (fp_line (start -1 0.6) (end -1 -0.6) (layer F.Fab) (width 0.1))
    (pad 2 smd roundrect (at 1.025 0) (size 1.15 1.4) (layers F.Cu F.Paste F.Mask) (roundrect_rratio 0.217391)
      (net 56 VDD))
    (pad 1 smd roundrect (at -1.025 0) (size 1.15 1.4) (layers F.Cu F.Paste F.Mask) (roundrect_rratio 0.217391)
      (net 84 "Net-(J1-Pad8)"))
    (model ${KISYS3DMOD}/Resistor_SMD.3dshapes/R_0805_2012Metric.wrl
      (at (xyz 0 0 0))
      (scale (xyz 1 1 1))
      (rotate (xyz 0 0 0))
    )
  )

  (module Resistor_SMD:R_0805_2012Metric_Pad1.15x1.40mm_HandSolder (layer F.Cu) (tedit 5B36C52B) (tstamp 5E27CBE6)
    (at 141.5 87.475 180)
    (descr "Resistor SMD 0805 (2012 Metric), square (rectangular) end terminal, IPC_7351 nominal with elongated pad for handsoldering. (Body size source: https://docs.google.com/spreadsheets/d/1BsfQQcO9C6DZCsRaXUlFlo91Tg2WpOkGARC1WS5S8t0/edit?usp=sharing), generated with kicad-footprint-generator")
    (tags "resistor handsolder")
    (path /5DFAEBDC)
    (attr smd)
    (fp_text reference R-USB1 (at 0 -1.65 180) (layer F.SilkS)
      (effects (font (size 1 1) (thickness 0.15)))
    )
    (fp_text value 4K7 (at 0 1.65 180) (layer F.Fab)
      (effects (font (size 1 1) (thickness 0.15)))
    )
    (fp_text user %R (at 0 0 180) (layer F.Fab)
      (effects (font (size 0.5 0.5) (thickness 0.08)))
    )
    (fp_line (start 1.85 0.95) (end -1.85 0.95) (layer F.CrtYd) (width 0.05))
    (fp_line (start 1.85 -0.95) (end 1.85 0.95) (layer F.CrtYd) (width 0.05))
    (fp_line (start -1.85 -0.95) (end 1.85 -0.95) (layer F.CrtYd) (width 0.05))
    (fp_line (start -1.85 0.95) (end -1.85 -0.95) (layer F.CrtYd) (width 0.05))
    (fp_line (start -0.261252 0.71) (end 0.261252 0.71) (layer F.SilkS) (width 0.12))
    (fp_line (start -0.261252 -0.71) (end 0.261252 -0.71) (layer F.SilkS) (width 0.12))
    (fp_line (start 1 0.6) (end -1 0.6) (layer F.Fab) (width 0.1))
    (fp_line (start 1 -0.6) (end 1 0.6) (layer F.Fab) (width 0.1))
    (fp_line (start -1 -0.6) (end 1 -0.6) (layer F.Fab) (width 0.1))
    (fp_line (start -1 0.6) (end -1 -0.6) (layer F.Fab) (width 0.1))
    (pad 2 smd roundrect (at 1.025 0 180) (size 1.15 1.4) (layers F.Cu F.Paste F.Mask) (roundrect_rratio 0.217391)
      (net 56 VDD))
    (pad 1 smd roundrect (at -1.025 0 180) (size 1.15 1.4) (layers F.Cu F.Paste F.Mask) (roundrect_rratio 0.217391)
      (net 78 "Net-(J2-Pad3)"))
    (model ${KISYS3DMOD}/Resistor_SMD.3dshapes/R_0805_2012Metric.wrl
      (at (xyz 0 0 0))
      (scale (xyz 1 1 1))
      (rotate (xyz 0 0 0))
    )
  )

  (module Resistor_SMD:R_0805_2012Metric_Pad1.15x1.40mm_HandSolder (layer F.Cu) (tedit 5B36C52B) (tstamp 5E27CBF7)
    (at 141.5 89.425 180)
    (descr "Resistor SMD 0805 (2012 Metric), square (rectangular) end terminal, IPC_7351 nominal with elongated pad for handsoldering. (Body size source: https://docs.google.com/spreadsheets/d/1BsfQQcO9C6DZCsRaXUlFlo91Tg2WpOkGARC1WS5S8t0/edit?usp=sharing), generated with kicad-footprint-generator")
    (tags "resistor handsolder")
    (path /5DFABD4C)
    (attr smd)
    (fp_text reference R-USB2 (at 0 -1.65 180) (layer F.SilkS)
      (effects (font (size 1 1) (thickness 0.15)))
    )
